local RunService = game:GetService("RunService")
local Players = game:GetService("Players")

local lp = Players.LocalPlayer
local camera = workspace.CurrentCamera

------------------------------------------------
-- CAMERA LOCK
------------------------------------------------

camera.CameraType = Enum.CameraType.Scriptable

------------------------------------------------
-- CHARACTER
------------------------------------------------

local character = lp.Character or lp.CharacterAdded:Wait()
local hrp = character:WaitForChild("HumanoidRootPart")

------------------------------------------------
-- INVISIBLE ANCHOR (LOCKED ON SPAWN POSITION)
------------------------------------------------

local anchor = Instance.new("Part")
anchor.Name = "CutsceneAnchor"
anchor.Size = Vector3.new(1, 1, 1)
anchor.Anchored = true
anchor.CanCollide = false
anchor.Transparency = 1 -- INVISIBLE NOW
anchor.Parent = workspace

-- 🔥 IMPORTANT FIX: SNAP ONCE, NOT FOLLOW
anchor.CFrame = hrp.CFrame

------------------------------------------------
-- YOUR RECORDED FRAMES (RELATIVE SPACE)
------------------------------------------------

local cameraFrames = {
	CFrame.new(1.754166,15.002045,14.441368,0.965547,-0.033649,0.258045,-0.082805,0.900337,0.427242,-0.246703,-0.433890,0.866532),
	CFrame.new(1.669418,10.984192,10.278734,0.927380,-0.005706,0.374077,-0.096928,0.962078,0.254973,-0.361346,-0.272715,0.891659),
	CFrame.new(2.106873,6.750366,5.864734,0.858925,0.041441,0.510422,-0.081427,0.995092,0.056232,-0.505586,-0.089861,0.858084),
	CFrame.new(2.236969,5.109161,4.588360,0.849477,0.067231,0.523326,-0.063001,0.997677,-0.025905,-0.523852,-0.010965,0.851739),
	CFrame.new(2.315414,3.911987,3.733365,0.837915,0.087308,0.538773,-0.049081,0.995177,-0.084935,-0.543590,0.044725,0.838159),
	CFrame.new(2.459381,2.955780,3.152870,0.801374,0.114027,0.587195,-0.040772,0.989792,-0.136564,-0.596773,0.085498,0.797843),
	CFrame.new(2.550827,2.229675,2.869054,0.777532,0.136086,0.613942,-0.032161,0.983631,-0.177301,-0.628021,0.118112,0.769181),
	CFrame.new(2.605606,1.761688,2.633825,0.762209,0.151062,0.629460,-0.025907,0.978730,-0.203512,-0.646814,0.138811,0.749910),
	CFrame.new(2.644501,1.341217,2.282077,0.751156,0.166105,0.638886,-0.019846,0.973070,-0.229656,-0.659827,0.159828,0.734224),
	CFrame.new(2.660172,1.079651,1.614413,0.748401,0.176072,0.639449,-0.015959,0.968621,-0.248031,-0.663055,0.175422,0.727726),
	CFrame.new(2.671265,0.879120,1.151249,0.746179,0.183919,0.639837,-0.012953,0.964912,-0.262255,-0.665620,0.187401,0.722379),
	CFrame.new(2.680054,0.708221,0.745876,0.744620,0.190853,0.639623,-0.010423,0.961459,-0.274750,-0.667408,0.197918,0.717911),
	CFrame.new(2.691147,0.461761,0.182397,0.742736,0.201307,0.638607,-0.006839,0.955967,-0.293394,-0.669550,0.213547,0.711408),
	CFrame.new(2.693695,0.398438,0.041555,0.742321,0.204074,0.638212,-0.005932,0.954455,-0.298297,-0.670019,0.217646,0.709722),
	CFrame.new(2.696671,0.299774,-0.164934,0.741889,0.208663,0.637229,-0.004587,0.951903,-0.306364,-0.670508,0.224365,0.707164),
	CFrame.new(2.698227,0.234711,-0.295992,0.741691,0.211794,0.636427,-0.003727,0.950126,-0.311844,-0.670732,0.228920,0.705489),
	CFrame.new(2.699142,0.181458,-0.398433,0.741608,0.214453,0.635632,-0.003051,0.948593,-0.316483,-0.670827,0.232767,0.704139),
	CFrame.new(2.703979,0.113800,-0.509968,0.741061,0.217956,0.635079,-0.002305,0.946668,-0.322202,-0.671435,0.237308,0.702041),
	CFrame.new(2.707977,0.074219,-0.569305,0.740600,0.220045,0.634896,-0.001902,0.945543,-0.325492,-0.671945,0.239852,0.700687),
	CFrame.new(2.712601,0.039246,-0.616292,0.740062,0.221929,0.634867,-0.001577,0.944556,-0.328347,-0.672537,0.241996,0.699380),
	CFrame.new(2.718506,0.008057,-0.649091,0.739365,0.223672,0.635068,-0.001340,0.943696,-0.330812,-0.673304,0.243739,0.698035),
	CFrame.new(2.724335,-0.019012,-0.673955,0.738673,0.225210,0.635329,-0.001154,0.942956,-0.332916,-0.674063,0.245183,0.696796),
	CFrame.new(2.730499,-0.044525,-0.694116,0.737941,0.226685,0.635656,-0.000996,0.942264,-0.334870,-0.674865,0.246481,0.695561),
	CFrame.new(2.738052,-0.072968,-0.713011,0.737039,0.228352,0.636105,-0.000838,0.941499,-0.337014,-0.675850,0.247860,0.694113),
	CFrame.new(2.744812,-0.096283,-0.725672,0.736231,0.229740,0.636541,-0.000722,0.940878,-0.338746,-0.676731,0.248935,0.692869),
	CFrame.new(2.752426,-0.120300,-0.737432,0.735304,0.231158,0.637099,-0.000609,0.940262,-0.340452,-0.677738,0.249948,0.691519),
	CFrame.new(2.758148,-0.136719,-0.744515,0.734601,0.232118,0.637560,-0.000535,0.939859,-0.341561,-0.678500,0.250570,0.690546),
	CFrame.new(2.794571,-0.232849,-0.780373,0.730052,0.237699,0.640722,-0.000108,0.937601,-0.347713,-0.683392,0.253779,0.684523),
	CFrame.new(2.803345,-0.249481,-0.781842,0.728915,0.238620,0.641673,-0.000056,0.937310,-0.348496,-0.684605,0.253988,0.683233),
	CFrame.new(2.810242,-0.259186,-0.779369,0.728003,0.239126,0.642519,-0.000042,0.937214,-0.348755,-0.685575,0.253867,0.682305),
	CFrame.new(2.816193,-0.266571,-0.776136,0.727212,0.239498,0.643277,-0.000040,0.937170,-0.348872,-0.686414,0.253679,0.681531),
	CFrame.new(2.827591,-0.280334,-0.769440,0.725684,0.240183,0.644745,-0.000038,0.937103,-0.349052,-0.688029,0.253277,0.680050),
	CFrame.new(2.833740,-0.287689,-0.765832,0.724862,0.240550,0.645533,-0.000036,0.937068,-0.349146,-0.688896,0.253059,0.679254),
	CFrame.new(4.486847,-1.501709,-1.082882,0.287330,0.014203,0.957727,0.027794,0.999345,-0.023159,-0.957429,0.033273,0.286748),
	CFrame.new(4.870758,-1.783630,-1.156506,0.170848,-0.053951,0.983820,0.009349,0.998544,0.053135,-0.985254,0.000120,0.171103),
	CFrame.new(4.978577,-1.862823,-1.177195,0.137879,-0.073726,0.987702,0.002540,0.997249,0.074084,-0.990446,-0.007706,0.137687),
	CFrame.new(5.009750,-1.885712,-1.183173,0.128346,-0.079483,0.988540,0.000442,0.996788,0.080089,-0.991730,-0.009842,0.127969),
	CFrame.new(5.014450,-1.889160,-1.184074,0.126909,-0.080353,0.988655,0.000121,0.996715,0.080992,-0.991915,-0.010159,0.126502),
	CFrame.new(5.015869,-1.890198,-1.184341,0.126474,-0.080616,0.988689,0.000024,0.996692,0.081266,-0.991970,-0.010255,0.126057),
	CFrame.new(5.016129,-1.890381,-1.184399,0.126391,-0.080666,0.988696,0.000005,0.996688,0.081318,-0.991981,-0.010273,0.125973),
	CFrame.new(5.016190,-1.890442,-1.184407,0.126373,-0.080677,0.988697,0.000001,0.996687,0.081329,-0.991983,-0.010277,0.125954),
	CFrame.new(5.016205,-1.890442,-1.184411,0.126369,-0.080679,0.988697,0.000000,0.996687,0.081331,-0.991984,-0.010278,0.125951),
	CFrame.new(5.016205,-1.890442,-1.184411,0.126369,-0.080680,0.988698,0.000000,0.996687,0.081332,-0.991984,-0.010278,0.125950),
	CFrame.new(5.016205,-1.890442,-1.184411,0.126369,-0.080680,0.988698,0.000000,0.996687,0.081332,-0.991984,-0.010278,0.125950),
	CFrame.new(5.016205,-1.890442,-1.184411,0.126369,-0.080680,0.988698,0.000000,0.996687,0.081332,-0.991984,-0.010278,0.125950),
	CFrame.new(5.016205,-1.890442,-1.184411,0.126369,-0.080680,0.988698,0.000000,0.996687,0.081332,-0.991984,-0.010278,0.125950),
	CFrame.new(5.016205,-1.890442,-1.184411,0.126368,-0.080680,0.988697,-0.000000,0.996687,0.081332,-0.991984,-0.010278,0.125950),
	CFrame.new(5.016205,-1.890442,-1.184411,0.126368,-0.080680,0.988698,-0.000000,0.996687,0.081332,-0.991984,-0.010278,0.125950),
	CFrame.new(5.016205,-1.890442,-1.184411,0.126369,-0.080680,0.988698,-0.000000,0.996687,0.081332,-0.991984,-0.010278,0.125950),
	CFrame.new(5.016205,-1.890442,-1.184411,0.126369,-0.080680,0.988698,-0.000000,0.996687,0.081332,-0.991984,-0.010278,0.125950),
	CFrame.new(5.016205,-1.890442,-1.184411,0.126369,-0.080680,0.988698,-0.000000,0.996687,0.081332,-0.991984,-0.010278,0.125950),
	CFrame.new(5.016205,-1.890442,-1.184411,0.126369,-0.080680,0.988698,-0.000000,0.996687,0.081332,-0.991984,-0.010278,0.125950),
	CFrame.new(5.016205,-1.890442,-1.184411,0.126369,-0.080680,0.988698,-0.000000,0.996687,0.081332,-0.991984,-0.010278,0.125950),
	CFrame.new(5.016205,-1.890442,-1.184411,0.126369,-0.080680,0.988698,-0.000000,0.996687,0.081332,-0.991984,-0.010278,0.125950),
	CFrame.new(5.016205,-1.890442,-1.184411,0.126369,-0.080680,0.988698,-0.000000,0.996687,0.081332,-0.991984,-0.010278,0.125950),
	CFrame.new(5.016205,-1.890442,-1.184411,0.126369,-0.080680,0.988698,-0.000000,0.996687,0.081332,-0.991984,-0.010278,0.125950),
	CFrame.new(5.016205,-1.890442,-1.184411,0.126369,-0.080680,0.988698,-0.000000,0.996687,0.081332,-0.991984,-0.010278,0.125950),
	CFrame.new(5.016205,-1.890442,-1.184411,0.126368,-0.080680,0.988697,-0.000000,0.996687,0.081332,-0.991984,-0.010278,0.125950),
	CFrame.new(5.016205,-1.890442,-1.184411,0.126369,-0.080680,0.988698,-0.000000,0.996687,0.081332,-0.991984,-0.010278,0.125950),
	CFrame.new(5.016205,-1.890442,-1.184411,0.126369,-0.080680,0.988698,-0.000000,0.996687,0.081332,-0.991984,-0.010278,0.125950),
	CFrame.new(5.016205,-1.890442,-1.184411,0.126369,-0.080680,0.988698,-0.000000,0.996687,0.081332,-0.991984,-0.010278,0.125950),
	CFrame.new(5.016205,-1.890442,-1.184411,0.126369,-0.080680,0.988698,-0.000000,0.996687,0.081332,-0.991984,-0.010278,0.125950),
	CFrame.new(5.016205,-1.890442,-1.184411,0.126368,-0.080680,0.988697,-0.000000,0.996687,0.081332,-0.991984,-0.010278,0.125950),
	CFrame.new(5.016205,-1.890442,-1.184411,0.126368,-0.080680,0.988698,-0.000000,0.996687,0.081332,-0.991984,-0.010278,0.125950),
	CFrame.new(5.016205,-1.890442,-1.184411,0.126369,-0.080680,0.988698,-0.000000,0.996687,0.081332,-0.991984,-0.010278,0.125950),
	CFrame.new(5.016205,-1.890442,-1.184411,0.126369,-0.080680,0.988698,-0.000000,0.996687,0.081332,-0.991984,-0.010278,0.125950),
	CFrame.new(5.016205,-1.890442,-1.184411,0.126369,-0.080680,0.988698,-0.000000,0.996687,0.081332,-0.991984,-0.010278,0.125950),
	CFrame.new(5.016205,-1.890442,-1.184411,0.126369,-0.080680,0.988698,-0.000000,0.996687,0.081332,-0.991984,-0.010278,0.125950),
	CFrame.new(5.016205,-1.890442,-1.184411,0.126369,-0.080680,0.988698,-0.000000,0.996687,0.081332,-0.991984,-0.010278,0.125950),
	CFrame.new(5.016205,-1.890442,-1.184411,0.126369,-0.080680,0.988698,-0.000000,0.996687,0.081332,-0.991984,-0.010278,0.125950),
	CFrame.new(5.016205,-1.890442,-1.184411,0.126369,-0.080680,0.988698,-0.000000,0.996687,0.081332,-0.991984,-0.010278,0.125950),
	CFrame.new(5.014389,-1.838837,-1.183276,0.124383,-0.080061,0.989000,-0.000031,0.996739,0.080691,-0.992235,-0.010067,0.123975),
	CFrame.new(5.014252,-1.834900,-1.183192,0.124232,-0.080014,0.989022,-0.000033,0.996743,0.080642,-0.992253,-0.010051,0.123824),
	CFrame.new(5.013351,-1.809570,-1.182634,0.123256,-0.079709,0.989169,-0.000048,0.996769,0.080328,-0.992375,-0.009948,0.122854),
	CFrame.new(5.012405,-1.782562,-1.182049,0.122218,-0.079385,0.989324,-0.000063,0.996795,0.079993,-0.992504,-0.009839,0.121821),
	CFrame.new(5.011337,-1.752563,-1.181395,0.121063,-0.079025,0.989495,-0.000079,0.996825,0.079620,-0.992645,-0.009718,0.120673),
	CFrame.new(5.010345,-1.724304,-1.180780,0.119975,-0.078685,0.989654,-0.000095,0.996853,0.079269,-0.992777,-0.009604,0.119590),
	CFrame.new(5.009308,-1.695099,-1.180130,0.118850,-0.078334,0.989818,-0.000110,0.996882,0.078906,-0.992913,-0.009487,0.118471),
	CFrame.new(5.007217,-1.635712,-1.178849,0.116563,-0.077619,0.990146,-0.000140,0.996940,0.078168,-0.993184,-0.009250,0.116195),
	CFrame.new(5.007080,-1.632050,-1.178765,0.116421,-0.077575,0.990166,-0.000141,0.996944,0.078123,-0.993200,-0.009235,0.116054),
	CFrame.new(5.006195,-1.607361,-1.178222,0.115470,-0.077278,0.990301,-0.000153,0.996968,0.077816,-0.993312,-0.009137,0.115108),
	CFrame.new(5.004379,-1.555511,-1.177094,0.113473,-0.076653,0.990580,-0.000177,0.997018,0.077172,-0.993542,-0.008932,0.113121),
	CFrame.new(5.002411,-1.499847,-1.175875,0.111327,-0.075982,0.990875,-0.000201,0.997071,0.076480,-0.993784,-0.008714,0.110985),
	CFrame.new(5.000366,-1.442200,-1.174621,0.109104,-0.075287,0.991176,-0.000225,0.997126,0.075763,-0.994031,-0.008489,0.108774),
	CFrame.new(4.998322,-1.384094,-1.173360,0.106864,-0.074585,0.991473,-0.000247,0.997180,0.075041,-0.994274,-0.008264,0.106545),
	CFrame.new(4.991592,-1.193756,-1.169174,0.099521,-0.072283,0.992407,-0.000307,0.997356,0.072674,-0.995036,-0.007537,0.099235),
	CFrame.new(4.991241,-1.183472,-1.168956,0.099124,-0.072158,0.992456,-0.000310,0.997365,0.072546,-0.995076,-0.007499,0.098840),
	CFrame.new(4.987885,-1.088440,-1.166876,0.095455,-0.071007,0.992899,-0.000333,0.997450,0.071364,-0.995434,-0.007143,0.095188),
	CFrame.new(4.983047,-0.951385,-1.163887,0.090160,-0.069343,0.993511,-0.000359,0.997571,0.069659,-0.995928,-0.006637,0.089916),
	CFrame.new(4.978241,-0.816071,-1.160928,0.084931,-0.067698,0.994085,-0.000376,0.997687,0.067975,-0.996387,-0.006147,0.084709),
	CFrame.new(4.973480,-0.681213,-1.157988,0.079718,-0.066055,0.994627,-0.000383,0.997800,0.066297,-0.996818,-0.005666,0.079517),
	CFrame.new(4.968643,-0.543976,-1.154991,0.074409,-0.064381,0.995148,-0.000382,0.997912,0.064589,-0.997228,-0.005186,0.074230),
	CFrame.new(4.964966,-0.289978,-1.152834,0.064165,-0.061074,0.996069,-0.000368,0.998124,0.061223,-0.997940,-0.004295,0.064022),
	CFrame.new(4.966293,-0.206573,-1.153736,0.060601,-0.059889,0.996364,-0.000362,0.998197,0.060021,-0.998162,-0.003998,0.060470),
	CFrame.new(4.967728,-0.126099,-1.154717,0.057149,-0.058738,0.996637,-0.000352,0.998267,0.058854,-0.998366,-0.003714,0.057029),
	CFrame.new(4.969589,-0.024414,-1.155978,0.052782,-0.057281,0.996962,-0.000333,0.998352,0.057378,-0.998606,-0.003361,0.052676),
	CFrame.new(4.970200,0.009064,-1.156387,0.051345,-0.056801,0.997065,-0.000326,0.998380,0.056893,-0.998681,-0.003246,0.051243),
	CFrame.new(4.971741,0.092010,-1.157441,0.047779,-0.055610,0.997309,-0.000304,0.998448,0.055688,-0.998858,-0.002964,0.047688),
	CFrame.new(4.973755,0.200745,-1.158802,0.043107,-0.054048,0.997608,-0.000269,0.998535,0.054109,-0.999071,-0.002601,0.043029),
	CFrame.new(4.979004,0.256958,-1.162210,0.040358,-0.053077,0.997775,-0.000255,0.998588,0.053130,-0.999186,-0.002399,0.040288),
	CFrame.new(4.991043,0.345123,-1.169965,0.035751,-0.051409,0.998038,-0.000232,0.998676,0.051450,-0.999361,-0.002071,0.035691),
	CFrame.new(4.991806,0.350708,-1.170454,0.035460,-0.051303,0.998054,-0.000231,0.998681,0.051344,-0.999371,-0.002051,0.035401),
	CFrame.new(4.996643,0.384644,-1.173565,0.033669,-0.050653,0.998149,-0.000220,0.998714,0.050689,-0.999433,-0.001926,0.033614),
	CFrame.new(5.002182,0.423370,-1.177150,0.031624,-0.049909,0.998253,-0.000206,0.998752,0.049940,-0.999500,-0.001785,0.031574),
	CFrame.new(5.008545,0.467773,-1.181231,0.029280,-0.049056,0.998367,-0.000189,0.998795,0.049083,-0.999572,-0.001626,0.029235),
	CFrame.new(5.014694,0.510742,-1.185198,0.027011,-0.048231,0.998471,-0.000170,0.998835,0.048253,-0.999635,-0.001473,0.026972),
	CFrame.new(5.019547,0.527191,-1.188305,0.025947,-0.047819,0.998519,-0.000165,0.998855,0.047839,-0.999664,-0.001406,0.025909),
	CFrame.new(5.029938,0.552917,-1.194979,0.024060,-0.047066,0.998603,-0.000159,0.998891,0.047084,-0.999711,-0.001291,0.024026),
	CFrame.new(5.033524,0.561371,-1.197264,0.023425,-0.046812,0.998629,-0.000157,0.998903,0.046828,-0.999726,-0.001253,0.023392),
	CFrame.new(5.035049,0.564941,-1.198239,0.023157,-0.046704,0.998641,-0.000156,0.998908,0.046720,-0.999732,-0.001237,0.023124),
	CFrame.new(5.039169,0.574585,-1.200876,0.022433,-0.046414,0.998671,-0.000153,0.998922,0.046429,-0.999749,-0.001194,0.022401),
	CFrame.new(5.043945,0.585754,-1.203933,0.021593,-0.046077,0.998705,-0.000150,0.998937,0.046091,-0.999767,-0.001145,0.021564),
	CFrame.new(5.048981,0.597534,-1.207178,0.020707,-0.045721,0.998740,-0.000146,0.998954,0.045734,-0.999786,-0.001093,0.020678),
	CFrame.new(5.053650,0.608429,-1.210163,0.019887,-0.045392,0.998772,-0.000142,0.998969,0.045404,-0.999803,-0.001045,0.019860),
	CFrame.new(5.063400,0.631195,-1.216404,0.018174,-0.044704,0.998835,-0.000133,0.999000,0.044714,-0.999835,-0.000946,0.018150),
	CFrame.new(5.064316,0.633331,-1.217004,0.018012,-0.044639,0.998841,-0.000132,0.999003,0.044648,-0.999838,-0.000936,0.017989),
	CFrame.new(5.068604,0.643372,-1.219748,0.017258,-0.044336,0.998868,-0.000128,0.999016,0.044345,-0.999851,-0.000893,0.017236),
	CFrame.new(5.074265,0.651550,-1.223356,0.016474,-0.044006,0.998896,-0.000126,0.999031,0.044014,-0.999865,-0.000851,0.016452),
	CFrame.new(5.080673,0.660004,-1.227469,0.015619,-0.043644,0.998925,-0.000124,0.999047,0.043651,-0.999878,-0.000805,0.015599),
	CFrame.new(5.086761,0.667908,-1.231356,0.014813,-0.043301,0.998953,-0.000121,0.999062,0.043308,-0.999891,-0.000763,0.014794),
	CFrame.new(5.092590,0.675446,-1.235078,0.014042,-0.042974,0.998978,-0.000119,0.999076,0.042980,-0.999902,-0.000722,0.014024),
	CFrame.new(5.104813,0.691254,-1.242921,0.012421,-0.042285,0.999029,-0.000113,0.999105,0.042289,-0.999923,-0.000638,0.012405),
	CFrame.new(5.105896,0.692627,-1.243609,0.012278,-0.042224,0.999033,-0.000113,0.999108,0.042229,-0.999925,-0.000631,0.012263),
	CFrame.new(5.110825,0.699005,-1.246758,0.011628,-0.041948,0.999053,-0.000110,0.999120,0.041952,-0.999933,-0.000598,0.011613),
	CFrame.new(5.116898,0.706848,-1.250649,0.010823,-0.041605,0.999076,-0.000107,0.999134,0.041609,-0.999942,-0.000557,0.010809),
	CFrame.new(5.123001,0.714722,-1.254558,0.010015,-0.041262,0.999099,-0.000103,0.999148,0.041265,-0.999950,-0.000516,0.010002),
	CFrame.new(5.129578,0.723236,-1.258774,0.009145,-0.040892,0.999122,-0.000098,0.999163,0.040895,-0.999959,-0.000472,0.009134),
	CFrame.new(5.135300,0.730621,-1.262443,0.008386,-0.040569,0.999142,-0.000094,0.999177,0.040571,-0.999965,-0.000434,0.008376),
	CFrame.new(5.148422,0.747589,-1.270829,0.006650,-0.039831,0.999185,-0.000084,0.999206,0.039832,-0.999979,-0.000349,0.006641),
	CFrame.new(5.153564,0.754211,-1.274112,0.005971,-0.039542,0.999201,-0.000079,0.999218,0.039543,-0.999983,-0.000315,0.005963),
	CFrame.new(5.154984,0.756012,-1.275021,0.005784,-0.039462,0.999205,-0.000078,0.999221,0.039463,-0.999984,-0.000306,0.005777),
	CFrame.new(5.159119,0.760559,-1.277681,0.005269,-0.039240,0.999216,-0.000075,0.999230,0.039241,-0.999986,-0.000282,0.005262),
	CFrame.new(5.163330,0.765076,-1.280376,0.004750,-0.039015,0.999228,-0.000072,0.999239,0.039016,-0.999989,-0.000257,0.004743),
	CFrame.new(5.168152,0.770233,-1.283460,0.004157,-0.038759,0.999240,-0.000068,0.999249,0.038760,-0.999992,-0.000230,0.004152),
	CFrame.new(5.173264,0.775696,-1.286739,0.003528,-0.038487,0.999253,-0.000064,0.999259,0.038487,-0.999994,-0.000200,0.003523),
	CFrame.new(5.182800,0.785858,-1.292828,0.002357,-0.037980,0.999276,-0.000057,0.999278,0.037980,-0.999998,-0.000146,0.002353),
	CFrame.new(5.183380,0.786469,-1.293206,0.002285,-0.037949,0.999278,-0.000056,0.999280,0.037949,-0.999998,-0.000143,0.002281),
	CFrame.new(5.186859,0.790161,-1.295430,0.001857,-0.037764,0.999286,-0.000053,0.999287,0.037764,-0.999999,-0.000123,0.001854),
	CFrame.new(5.191864,0.795532,-1.298645,0.001239,-0.037496,0.999297,-0.000049,0.999297,0.037496,-1.000000,-0.000095,0.001237),
	CFrame.new(5.196854,0.800842,-1.301821,0.000628,-0.037232,0.999307,-0.000044,0.999307,0.037232,-1.000000,-0.000067,0.000626),
	CFrame.new(5.201233,0.805511,-1.304637,0.000088,-0.036998,0.999316,-0.000040,0.999315,0.036998,-1.000001,-0.000043,0.000086),
	CFrame.new(5.204895,0.808319,-1.306973,-0.000317,-0.036818,0.999322,-0.000037,0.999322,0.036818,-1.000000,-0.000025,-0.000318),
	CFrame.new(5.208450,0.810730,-1.309231,-0.000695,-0.036649,0.999328,-0.000035,0.999328,0.036648,-1.000000,-0.000010,-0.000696),
	CFrame.new(5.211136,0.812469,-1.310951,-0.000978,-0.036521,0.999333,-0.000033,0.999333,0.036521,-1.000000,0.000002,-0.000979),
	CFrame.new(5.214737,0.814789,-1.313264,-0.001359,-0.036350,0.999339,-0.000031,0.999339,0.036350,-1.000000,0.000018,-0.001359),
	CFrame.new(5.218170,0.816986,-1.315450,-0.001721,-0.036187,0.999344,-0.000029,0.999345,0.036187,-0.999999,0.000033,-0.001721),
	CFrame.new(5.224899,0.821350,-1.319776,-0.002433,-0.035867,0.999354,-0.000025,0.999357,0.035867,-0.999997,0.000063,-0.002432),
	CFrame.new(5.227859,0.823242,-1.321649,-0.002743,-0.035727,0.999358,-0.000023,0.999362,0.035727,-0.999997,0.000075,-0.002742),
	CFrame.new(5.230896,0.825195,-1.323606,-0.003064,-0.035583,0.999363,-0.000021,0.999367,0.035583,-0.999996,0.000088,-0.003063),
	CFrame.new(5.231598,0.825653,-1.324053,-0.003138,-0.035549,0.999363,-0.000020,0.999368,0.035550,-0.999995,0.000091,-0.003137),
	CFrame.new(5.234344,0.827423,-1.325815,-0.003428,-0.035419,0.999367,-0.000018,0.999373,0.035419,-0.999995,0.000103,-0.003427),
	CFrame.new(5.237595,0.829529,-1.327882,-0.003770,-0.035265,0.999372,-0.000016,0.999378,0.035265,-0.999994,0.000117,-0.003769),
	CFrame.new(5.244003,0.833649,-1.331983,-0.004445,-0.034961,0.999380,-0.000011,0.999389,0.034962,-0.999991,0.000144,-0.004443),
	CFrame.new(5.244827,0.834198,-1.332507,-0.004532,-0.034922,0.999380,-0.000011,0.999390,0.034923,-0.999990,0.000148,-0.004530),
	CFrame.new(5.247375,0.835846,-1.334143,-0.004801,-0.034801,0.999383,-0.000009,0.999394,0.034802,-0.999989,0.000158,-0.004799),
	CFrame.new(5.253922,0.840057,-1.338332,-0.005490,-0.034491,0.999390,-0.000003,0.999405,0.034492,-0.999985,0.000186,-0.005487),
	CFrame.new(5.254578,0.840485,-1.338760,-0.005560,-0.034460,0.999391,-0.000003,0.999406,0.034460,-0.999985,0.000189,-0.005557),
	CFrame.new(5.369492,0.813385,-1.298515,0.022539,-0.032015,0.999234,0.000001,0.999487,0.032023,-0.999747,-0.000721,0.022527),
	CFrame.new(5.517105,0.622498,-1.301116,0.014335,0.046406,0.998820,-0.000216,0.998923,-0.046408,-0.999898,0.000449,0.014329),
	CFrame.new(5.297256,0.706055,-1.398235,-0.047503,-0.013400,0.998782,0.000061,0.999910,0.013418,-0.998872,0.000698,-0.047498),
	CFrame.new(5.324005,0.604340,-1.187751,0.033121,-0.003490,0.999446,0.000057,0.999994,0.003490,-0.999452,-0.000059,0.033121),
	CFrame.new(5.362167,0.772430,-1.276470,0.024963,-0.026443,0.999339,0.000034,0.999650,0.026450,-0.999689,-0.000627,0.024955),
	CFrame.new(5.360443,0.765289,-1.264468,0.029067,-0.021713,0.999342,0.000550,0.999764,0.021706,-0.999578,-0.000082,0.029072),
	CFrame.new(5.356689,0.748962,-1.252413,0.031434,-0.017913,0.999346,0.000761,0.999840,0.017898,-0.999506,0.000198,0.031443),
	CFrame.new(5.342178,0.685730,-1.207309,0.042204,-0.022410,0.998858,0.016880,0.999622,0.021713,-0.998967,0.015944,0.042566),
	CFrame.new(5.334854,0.653809,-1.184576,0.042687,-0.018203,0.998923,0.022036,0.999608,0.017274,-0.998846,0.021275,0.043071),
	CFrame.new(5.326248,0.616272,-1.157871,0.042111,-0.011703,0.999045,0.027389,0.999569,0.010555,-0.998738,0.026918,0.042414),
	CFrame.new(5.318298,0.581696,-1.133237,0.046266,-0.008583,0.998893,0.030134,0.999520,0.007193,-0.998475,0.029768,0.046503),
	CFrame.new(5.311050,0.550110,-1.110760,0.050836,-0.006221,0.998688,0.032267,0.999469,0.004583,-0.998186,0.031992,0.051010),
	CFrame.new(5.294662,0.478607,-1.059865,0.068979,0.012612,0.997539,0.030128,0.999438,-0.014720,-0.997164,0.031069,0.068561),
	CFrame.new(5.288376,0.451202,-1.040365,0.071385,0.011337,0.997385,0.033216,0.999354,-0.013737,-0.996896,0.034110,0.070963),
	CFrame.new(5.272797,0.383270,-0.992037,0.077997,0.015327,0.996836,0.043749,0.998866,-0.018782,-0.995994,0.045076,0.077238),
	CFrame.new(5.266968,0.357941,-0.973988,0.081041,0.020317,0.996504,0.048634,0.998521,-0.024314,-0.995524,0.050435,0.079934),
	CFrame.new(5.259964,0.327454,-0.952282,0.080685,0.026651,0.996384,0.050790,0.998234,-0.030813,-0.995445,0.053092,0.079189),
	CFrame.new(5.252304,0.294006,-0.928481,0.079245,0.033688,0.996286,0.052191,0.997918,-0.037895,-0.995489,0.055000,0.077322),
	CFrame.new(5.245377,0.263794,-0.906966,0.085110,0.033589,0.995806,0.057151,0.997622,-0.038535,-0.994731,0.060191,0.082988),
	CFrame.new(5.238647,0.234528,-0.886134,0.092220,0.032159,0.995220,0.062700,0.997307,-0.038036,-0.993763,0.065908,0.089955),
	CFrame.new(5.231812,0.204712,-0.864926,0.098300,0.038059,0.994429,0.067829,0.996688,-0.044851,-0.992843,0.071860,0.095393),
	CFrame.new(5.224884,0.174530,-0.843437,0.104219,0.045710,0.993504,0.072850,0.995909,-0.053463,-0.991883,0.077949,0.100463),
	CFrame.new(5.218155,0.145142,-0.822526,0.106653,0.047535,0.993160,0.077118,0.995452,-0.055926,-0.991301,0.082555,0.102502),
	CFrame.new(5.212204,0.119293,-0.804101,0.108215,0.048159,0.992961,0.080770,0.995098,-0.057065,-0.990842,0.086377,0.103795),
	CFrame.new(5.205536,0.090210,-0.783403,0.113629,0.051011,0.992213,0.077980,0.995142,-0.060092,-0.990459,0.084201,0.109099),
	CFrame.new(5.199829,0.065308,-0.765678,0.118965,0.053889,0.991436,0.074232,0.995249,-0.063003,-0.990120,0.081091,0.114400),
	CFrame.new(5.194382,0.041595,-0.748812,0.117733,0.055729,0.991481,0.075660,0.995019,-0.064912,-0.990159,0.082658,0.112930),
	CFrame.new(5.188126,0.014313,-0.729391,0.114879,0.057646,0.991706,0.078452,0.994670,-0.066906,-0.990277,0.085488,0.109745),
	CFrame.new(5.176743,-0.035309,-0.694058,0.122385,0.063392,0.990457,0.084999,0.993622,-0.074097,-0.988837,0.093256,0.116216),
	CFrame.new(5.175842,-0.039215,-0.691264,0.122978,0.063842,0.990354,0.085513,0.993535,-0.074666,-0.988719,0.093870,0.116723),
	CFrame.new(5.166061,-0.081848,-0.660939,0.133556,0.067621,0.988732,0.088462,0.992874,-0.079853,-0.987086,0.098130,0.126622),
	CFrame.new(5.161530,-0.101654,-0.646840,0.132781,0.068344,0.988787,0.091739,0.992490,-0.080919,-0.986891,0.101455,0.125514),
	CFrame.new(5.157043,-0.121185,-0.632952,0.131120,0.068901,0.988970,0.095274,0.992089,-0.081750,-0.986778,0.104942,0.123519),
	CFrame.new(5.151993,-0.143219,-0.617261,0.135297,0.070598,0.988287,0.101696,0.991201,-0.084728,-0.985573,0.111968,0.126927),
	CFrame.new(5.147888,-0.161041,-0.604554,0.140151,0.072198,0.987495,0.107465,0.990337,-0.087658,-0.984282,0.118407,0.131038),
	CFrame.new(5.143280,-0.181213,-0.590220,0.143926,0.075677,0.986691,0.105792,0.990181,-0.091376,-0.983918,0.117535,0.134507),
	CFrame.new(5.139069,-0.199524,-0.577191,0.146882,0.079299,0.985971,0.102065,0.990246,-0.094847,-0.983875,0.114564,0.137355),
	CFrame.new(5.131256,-0.233490,-0.553017,0.151237,0.082528,0.985047,0.114208,0.988376,-0.100342,-0.981878,0.127676,0.140054),
	CFrame.new(5.130844,-0.235321,-0.551694,0.151475,0.082702,0.984996,0.114868,0.988270,-0.100642,-0.981765,0.128389,0.140199),
	CFrame.new(5.128204,-0.246857,-0.543478,0.151856,0.084871,0.984753,0.112073,0.988403,-0.102468,-0.982029,0.125924,0.140583),
	CFrame.new(5.124985,-0.260956,-0.533460,0.152269,0.087561,0.984453,0.108391,0.988580,-0.104693,-0.982378,0.122648,0.141040),
	CFrame.new(5.119400,-0.285217,-0.516175,0.151757,0.089864,0.984325,0.118082,0.987078,-0.108320,-0.981340,0.132670,0.139184),
	CFrame.new(5.116470,-0.297974,-0.507104,0.156697,0.092422,0.983314,0.119237,0.986559,-0.111728,-0.980423,0.134755,0.143571),
	CFrame.new(5.114136,-0.308197,-0.499827,0.162120,0.094848,0.982202,0.119039,0.986221,-0.114885,-0.979565,0.135546,0.148596),
	CFrame.new(5.111649,-0.319031,-0.492112,0.166081,0.091801,0.981830,0.120885,0.986253,-0.112662,-0.978675,0.137399,0.152700),
	CFrame.new(5.109879,-0.326691,-0.486675,0.168457,0.088373,0.981740,0.122661,0.986352,-0.109835,-0.978047,0.138924,0.155318),
	CFrame.new(5.108292,-0.333679,-0.481691,0.169011,0.090536,0.981448,0.123993,0.985908,-0.112300,-0.977784,0.140672,0.155403),
	CFrame.new(5.106552,-0.341278,-0.476288,0.169158,0.094400,0.981058,0.125357,0.985257,-0.116419,-0.977585,0.142676,0.154830),
	CFrame.new(5.105240,-0.346985,-0.472216,0.168330,0.096667,0.980980,0.124485,0.985128,-0.118436,-0.977839,0.142053,0.153792),
	CFrame.new(5.104279,-0.351166,-0.469247,0.167527,0.098200,0.980965,0.123458,0.985104,-0.119698,-0.978107,0.141160,0.152908),
	CFrame.new(5.103470,-0.354706,-0.466726,0.168644,0.098942,0.980699,0.122860,0.985080,-0.120512,-0.977990,0.140812,0.153972),
	CFrame.new(5.102676,-0.358124,-0.464274,0.170441,0.099455,0.980336,0.122379,0.985054,-0.121210,-0.977739,0.140632,0.155723),
	CFrame.new(5.102386,-0.359436,-0.463346,0.169159,0.098183,0.980687,0.121796,0.985316,-0.119655,-0.978035,0.139684,0.154717),
	CFrame.new(5.102173,-0.360413,-0.462669,0.167560,0.096758,0.981103,0.121233,0.985597,-0.117906,-0.978380,0.138698,0.153417),
	CFrame.new(2.190918,-2.346832,-2.103972,-0.888059,0.013447,0.459534,0.026615,0.999399,0.022191,-0.458959,0.031938,-0.887884),
	CFrame.new(1.831772,-2.584686,-2.279766,-0.947385,-0.004513,0.320066,0.005437,0.999529,0.030190,-0.320052,0.030342,-0.946914),
	CFrame.new(1.753769,-2.629089,-2.291372,-0.956504,-0.008790,0.291588,0.001036,0.999437,0.033526,-0.291718,0.032370,-0.955957),
	CFrame.new(1.724136,-2.630707,-2.239542,-0.957908,-0.011152,0.286859,0.000064,0.999237,0.039061,-0.287076,0.037435,-0.957177),
	CFrame.new(1.708252,-2.622314,-2.177745,-0.957532,-0.012877,0.288040,-0.000012,0.999004,0.044623,-0.288328,0.042724,-0.956579),
	CFrame.new(1.702362,-2.618591,-2.152676,-0.957321,-0.013550,0.288711,-0.000009,0.998902,0.046850,-0.289029,0.044848,-0.956270),
	CFrame.new(1.938126,-2.743439,-2.289464,-0.925225,0.006661,0.379362,0.000311,0.999859,-0.016796,-0.379420,-0.015422,-0.925096),
	CFrame.new(1.665054,-2.698181,-2.414537,-0.969526,0.001505,0.244984,0.002365,0.999992,0.003217,-0.244977,0.003699,-0.969522),
	CFrame.new(1.487900,-2.625824,-2.349764,-0.985286,-0.006800,0.170782,0.000014,0.999205,0.039863,-0.170917,0.039279,-0.984502),
	CFrame.new(1.606049,-2.605164,-2.155078,-0.969231,-0.013200,0.245800,-0.000070,0.998576,0.053351,-0.246154,0.051692,-0.967852),
	CFrame.new(1.767212,-2.625366,-2.272167,-0.950856,-0.012456,0.309384,0.000022,0.999188,0.040293,-0.309635,0.038319,-0.950083),
	CFrame.new(1.746689,-2.626404,-2.287637,-0.954437,-0.011823,0.298180,0.000002,0.999215,0.039626,-0.298415,0.037821,-0.953687),
	CFrame.new(1.762970,-2.629822,-2.336218,-0.954255,-0.011024,0.298793,0.000015,0.999318,0.036920,-0.298996,0.035235,-0.953604),
	CFrame.new(1.771454,-2.631256,-2.357004,-0.953963,-0.010704,0.299736,0.000020,0.999361,0.035751,-0.299927,0.034111,-0.953353),
	CFrame.new(1.790878,-2.634552,-2.403803,-0.953261,-0.009980,0.301984,0.000026,0.999452,0.033115,-0.302149,0.031575,-0.952738),
	CFrame.new(1.800262,-2.636139,-2.426377,-0.952919,-0.009630,0.303073,0.000027,0.999493,0.031843,-0.303226,0.030352,-0.952436),
	CFrame.new(1.816498,-2.638885,-2.465515,-0.952323,-0.009018,0.304960,0.000026,0.999561,0.029639,-0.305093,0.028234,-0.951904),
	CFrame.new(1.824631,-2.640228,-2.485050,-0.952024,-0.008712,0.305901,0.000023,0.999593,0.028539,-0.306025,0.027177,-0.951636),
	CFrame.new(1.837448,-2.642395,-2.515886,-0.951550,-0.008226,0.307385,0.000017,0.999641,0.026802,-0.307495,0.025509,-0.951208),
	CFrame.new(1.842941,-2.643341,-2.529126,-0.951346,-0.008016,0.308022,0.000013,0.999660,0.026056,-0.308126,0.024792,-0.951023),
	CFrame.new(1.847809,-2.644165,-2.540776,-0.951166,-0.007831,0.308583,0.000010,0.999677,0.025399,-0.308683,0.024162,-0.950859),
	CFrame.new(1.854828,-2.645355,-2.557705,-0.950904,-0.007562,0.309396,0.000004,0.999701,0.024446,-0.309488,0.023247,-0.950619),
	CFrame.new(1.858841,-2.645996,-2.567389,-0.950753,-0.007407,0.309861,0.000001,0.999714,0.023900,-0.309950,0.022723,-0.950482),
	CFrame.new(1.859222,-2.646088,-2.568275,-0.950740,-0.007393,0.309904,0.000000,0.999716,0.023850,-0.309992,0.022676,-0.950469),
	CFrame.new(0.772858,0.159180,-1.653660,-0.991431,-0.002091,0.130621,-0.000144,0.999889,0.014915,-0.130638,0.014768,-0.991320),
	CFrame.new(0.595810,0.590881,-1.513651,-0.994897,-0.001375,0.100891,-0.000024,0.999910,0.013391,-0.100901,0.013320,-0.994808),
	CFrame.new(0.571091,0.639740,-1.498170,-0.995306,-0.001282,0.096769,-0.000010,0.999914,0.013147,-0.096778,0.013084,-0.995220),
	CFrame.new(0.562958,0.647186,-1.496139,-0.995435,-0.001254,0.095433,-0.000009,0.999915,0.013042,-0.095441,0.012982,-0.995351),
	CFrame.new(0.555603,0.648956,-1.496036,-0.995549,-0.001230,0.094244,-0.000011,0.999916,0.012934,-0.094252,0.012875,-0.995465),
	CFrame.new(0.551636,0.648926,-1.496342,-0.995609,-0.001217,0.093604,-0.000012,0.999917,0.012873,-0.093612,0.012815,-0.995527),
	CFrame.new(0.545593,0.648773,-1.496845,-0.995700,-0.001198,0.092634,-0.000014,0.999918,0.012779,-0.092642,0.012723,-0.995619),
	CFrame.new(0.539993,0.648590,-1.497315,-0.995783,-0.001180,0.091732,-0.000016,0.999919,0.012692,-0.091739,0.012638,-0.995703),
	CFrame.new(0.534500,0.648438,-1.497793,-0.995865,-0.001163,0.090846,-0.000018,0.999921,0.012607,-0.090853,0.012554,-0.995786),
	CFrame.new(0.529495,0.648285,-1.498231,-0.995938,-0.001147,0.090040,-0.000019,0.999922,0.012530,-0.090047,0.012477,-0.995860),
	CFrame.new(0.524048,0.648132,-1.498710,-0.996017,-0.001130,0.089160,-0.000021,0.999923,0.012445,-0.089167,0.012394,-0.995940),
	CFrame.new(0.522598,0.648102,-1.498829,-0.996038,-0.001126,0.088930,-0.000021,0.999923,0.012423,-0.088937,0.012372,-0.995961),
	CFrame.new(0.511444,0.647736,-1.499781,-0.996197,-0.001091,0.087130,-0.000024,0.999925,0.012250,-0.087136,0.012201,-0.996122),
	CFrame.new(0.507401,0.647614,-1.500132,-0.996254,-0.001079,0.086476,-0.000025,0.999926,0.012187,-0.086483,0.012139,-0.996180),
	CFrame.new(0.502502,0.647461,-1.500545,-0.996322,-0.001064,0.085689,-0.000026,0.999927,0.012111,-0.085696,0.012065,-0.996249),
	CFrame.new(0.500595,0.647400,-1.500711,-0.996348,-0.001058,0.085380,-0.000026,0.999927,0.012082,-0.085387,0.012035,-0.996276),
	CFrame.new(0.495529,0.647217,-1.501130,-0.996418,-0.001042,0.084568,-0.000027,0.999928,0.012003,-0.084574,0.011958,-0.996346),
	CFrame.new(0.490280,0.647064,-1.501587,-0.996489,-0.001027,0.083722,-0.000028,0.999929,0.011922,-0.083728,0.011878,-0.996418),
	CFrame.new(0.484634,0.646881,-1.502068,-0.996565,-0.001009,0.082810,-0.000029,0.999930,0.011834,-0.082817,0.011791,-0.996496),
	CFrame.new(0.473007,0.646545,-1.503079,-0.996719,-0.000975,0.080936,-0.000031,0.999932,0.011654,-0.080942,0.011613,-0.996652),
	CFrame.new(0.472397,0.646515,-1.503133,-0.996727,-0.000973,0.080837,-0.000031,0.999932,0.011645,-0.080843,0.011604,-0.996660),
	CFrame.new(0.468079,0.646393,-1.503491,-0.996784,-0.000960,0.080139,-0.000032,0.999933,0.011578,-0.080144,0.011538,-0.996717),
	CFrame.new(0.462540,0.646240,-1.503969,-0.996855,-0.000943,0.079245,-0.000033,0.999934,0.011492,-0.079250,0.011453,-0.996789),
	CFrame.new(0.456680,0.646027,-1.504491,-0.996930,-0.000926,0.078301,-0.000033,0.999935,0.011401,-0.078306,0.011363,-0.996865),
	CFrame.new(0.451279,0.645844,-1.504951,-0.996998,-0.000910,0.077429,-0.000034,0.999936,0.011317,-0.077434,0.011280,-0.996934),
	CFrame.new(0.445923,0.645691,-1.505403,-0.997065,-0.000895,0.076565,-0.000034,0.999937,0.011234,-0.076570,0.011198,-0.997002),
	CFrame.new(0.434341,0.645355,-1.506391,-0.997206,-0.000861,0.074699,-0.000035,0.999939,0.011055,-0.074704,0.011021,-0.997145),
	CFrame.new(0.433716,0.645325,-1.506442,-0.997214,-0.000859,0.074599,-0.000035,0.999939,0.011045,-0.074604,0.011012,-0.997153),
	CFrame.new(0.429504,0.645203,-1.506807,-0.997264,-0.000847,0.073919,-0.000035,0.999940,0.010980,-0.073923,0.010947,-0.997204),
	CFrame.new(0.423691,0.645020,-1.507292,-0.997333,-0.000830,0.072980,-0.000036,0.999941,0.010890,-0.072984,0.010858,-0.997274),
	CFrame.new(0.418259,0.644867,-1.507767,-0.997397,-0.000815,0.072105,-0.000036,0.999942,0.010805,-0.072109,0.010775,-0.997339),
	CFrame.new(0.412643,0.644684,-1.508248,-0.997462,-0.000799,0.071200,-0.000036,0.999943,0.010719,-0.071205,0.010689,-0.997405),
	CFrame.new(0.407028,0.644501,-1.508733,-0.997527,-0.000783,0.070289,-0.000036,0.999943,0.010631,-0.070294,0.010602,-0.997470),
	CFrame.new(0.395523,0.644135,-1.509718,-0.997656,-0.000751,0.068436,-0.000035,0.999945,0.010453,-0.068440,0.010426,-0.997601),
	CFrame.new(0.391159,0.644012,-1.510102,-0.997704,-0.000738,0.067730,-0.000035,0.999946,0.010385,-0.067734,0.010359,-0.997650),
	CFrame.new(0.389648,0.643982,-1.510225,-0.997720,-0.000734,0.067488,-0.000035,0.999946,0.010362,-0.067492,0.010336,-0.997667),
	CFrame.new(0.384796,0.643829,-1.510641,-0.997773,-0.000721,0.066706,-0.000035,0.999947,0.010287,-0.066710,0.010262,-0.997720),
	CFrame.new(0.379333,0.643646,-1.511104,-0.997832,-0.000706,0.065821,-0.000034,0.999948,0.010202,-0.065825,0.010178,-0.997780),
	CFrame.new(0.373795,0.643463,-1.511571,-0.997890,-0.000691,0.064929,-0.000034,0.999949,0.010116,-0.064933,0.010093,-0.997839),
	CFrame.new(0.368286,0.643280,-1.512045,-0.997948,-0.000675,0.064038,-0.000033,0.999950,0.010031,-0.064042,0.010008,-0.997897),
	CFrame.new(0.356735,0.642944,-1.513037,-0.998066,-0.000644,0.062173,-0.000032,0.999951,0.009852,-0.062176,0.009831,-0.998017),
	CFrame.new(0.356140,0.642914,-1.513092,-0.998072,-0.000643,0.062076,-0.000032,0.999952,0.009842,-0.062080,0.009821,-0.998023),
	CFrame.new(0.351624,0.642761,-1.513487,-0.998117,-0.000630,0.061347,-0.000031,0.999952,0.009772,-0.061350,0.009752,-0.998069),
	CFrame.new(0.346558,0.642639,-1.513917,-0.998167,-0.000617,0.060528,-0.000030,0.999953,0.009694,-0.060531,0.009674,-0.998120),
	CFrame.new(0.340698,0.642456,-1.514432,-0.998224,-0.000601,0.059583,-0.000029,0.999954,0.009603,-0.059586,0.009584,-0.998178),
	CFrame.new(0.335114,0.642273,-1.514891,-0.998277,-0.000586,0.058681,-0.000028,0.999955,0.009516,-0.058684,0.009498,-0.998232),
	CFrame.new(0.329361,0.642090,-1.515391,-0.998331,-0.000571,0.057752,-0.000027,0.999956,0.009427,-0.057754,0.009410,-0.998287),
	CFrame.new(0.318146,0.641724,-1.516357,-0.998434,-0.000542,0.055940,-0.000024,0.999957,0.009253,-0.055943,0.009238,-0.998392),
	CFrame.new(0.313309,0.641602,-1.516759,-0.998478,-0.000529,0.055160,-0.000023,0.999958,0.009179,-0.055162,0.009163,-0.998436),
	CFrame.new(0.312241,0.641571,-1.516860,-0.998487,-0.000527,0.054987,-0.000023,0.999958,0.009162,-0.054989,0.009147,-0.998445),
	CFrame.new(0.306885,0.641388,-1.517312,-0.998535,-0.000513,0.054121,-0.000021,0.999959,0.009079,-0.054124,0.009064,-0.998493),
	CFrame.new(0.301880,0.641235,-1.517747,-0.998578,-0.000500,0.053315,-0.000020,0.999959,0.009001,-0.053317,0.008988,-0.998538),
	CFrame.new(0.296494,0.641083,-1.518214,-0.998624,-0.000486,0.052444,-0.000018,0.999960,0.008918,-0.052446,0.008905,-0.998584),
	CFrame.new(0.290695,0.640900,-1.518706,-0.998673,-0.000471,0.051506,-0.000017,0.999961,0.008828,-0.051508,0.008815,-0.998634),
	CFrame.new(0.279068,0.640533,-1.519706,-0.998768,-0.000442,0.049627,-0.000013,0.999963,0.008648,-0.049629,0.008636,-0.998731),
	CFrame.new(0.275208,0.640411,-1.520035,-0.998799,-0.000432,0.049004,-0.000012,0.999963,0.008588,-0.049006,0.008577,-0.998762),
	CFrame.new(0.273575,0.640350,-1.520184,-0.998812,-0.000428,0.048739,-0.000011,0.999963,0.008563,-0.048741,0.008552,-0.998775),
	CFrame.new(0.268555,0.640198,-1.520607,-0.998851,-0.000416,0.047929,-0.000009,0.999964,0.008485,-0.047931,0.008475,-0.998815),
	CFrame.new(0.262909,0.640015,-1.521085,-0.998894,-0.000402,0.047018,-0.000007,0.999965,0.008397,-0.047019,0.008388,-0.998859),
	CFrame.new(0.262329,0.640381,-1.521211,-0.998834,-0.000424,0.048278,-0.000010,0.999963,0.008577,-0.048279,0.008566,-0.998797),
	CFrame.new(0.262634,0.640869,-1.521281,-0.998751,-0.000454,0.049972,-0.000013,0.999961,0.008810,-0.049974,0.008799,-0.998712),
	CFrame.new(0.263733,0.641907,-1.521396,-0.998551,-0.000522,0.053815,-0.000019,0.999956,0.009337,-0.053817,0.009323,-0.998508),
	CFrame.new(0.264114,0.642242,-1.521432,-0.998486,-0.000544,0.055009,-0.000021,0.999955,0.009501,-0.055012,0.009485,-0.998441),
	CFrame.new(0.264297,0.642395,-1.521451,-0.998452,-0.000555,0.055618,-0.000022,0.999954,0.009584,-0.055621,0.009568,-0.998406),
	CFrame.new(0.264786,0.642853,-1.521476,-0.998361,-0.000584,0.057233,-0.000023,0.999952,0.009806,-0.057236,0.009788,-0.998313),
	CFrame.new(0.269821,0.643799,-1.521220,-0.998144,-0.000652,0.060905,-0.000026,0.999947,0.010282,-0.060909,0.010261,-0.998091),
	CFrame.new(0.276382,0.644958,-1.520864,-0.997857,-0.000738,0.065435,-0.000027,0.999941,0.010866,-0.065439,0.010841,-0.997798),
	CFrame.new(0.282974,0.646118,-1.520493,-0.997552,-0.000825,0.069932,-0.000025,0.999934,0.011447,-0.069936,0.011417,-0.997486),
	CFrame.new(0.297028,0.648590,-1.519701,-0.996837,-0.001020,0.079476,-0.000012,0.999920,0.012679,-0.079483,0.012637,-0.996756),
	CFrame.new(0.297684,0.648712,-1.519662,-0.996800,-0.001029,0.079932,-0.000011,0.999919,0.012737,-0.079939,0.012696,-0.996719),
